Test folder: ./output/december/mpnet_only_supervise_label_50739/data_all_50739/shared/avg/mpnet/contra-fact-010/
sent_avg-result: 
pos_score >= 1
model name|  MAP   |  MRR   |  R@1   |  R@3   |  R@5   |  P@1   |  P@3   |  P@5   |  avg   
------------------------------------------------------------------------------------------
mpnet     | 0.6892 | 0.7061 |  0.5   | 0.8675 | 0.9495 |  0.5   | 0.3377 | 0.234  | 0.598  
bert      | 0.6072 | 0.6155 | 0.382  | 0.7757 | 0.8929 | 0.382  | 0.3023 | 0.2182 | 0.522  
bert-tiny | 0.6509 | 0.6638 | 0.439  | 0.8338 | 0.9341 | 0.439  | 0.322  | 0.2292 | 0.564  
roberta   | 0.6564 | 0.6683 |  0.45  | 0.8333 | 0.938  |  0.45  | 0.3263 | 0.2314 | 0.5692 
sbert     | 0.6809 | 0.6963 | 0.487  | 0.8578 | 0.9507 | 0.487  | 0.336  | 0.2348 | 0.5913 
ours-3-161k| 0.8925 |  0.91  | 0.837  | 0.9578 | 0.9819 | 0.837  | 0.386  | 0.2496 | 0.7565 
ours-3-197k| 0.8924 | 0.9104 |  0.84  | 0.9515 | 0.9778 |  0.84  | 0.3823 | 0.247  | 0.7552 
ours-3-198k| 0.8912 | 0.9102 | 0.836  | 0.9567 | 0.9785 | 0.836  | 0.3847 | 0.248  | 0.7551 
ours-4-248k| 0.889  | 0.9078 | 0.833  | 0.956  | 0.9792 | 0.833  | 0.3843 | 0.248  | 0.7538 
ours-4-232k| 0.8907 | 0.9075 | 0.835  | 0.9518 | 0.9781 | 0.835  | 0.3823 | 0.249  | 0.7537 
ours-3-201k| 0.8883 | 0.9081 | 0.836  | 0.9523 | 0.9783 | 0.836  | 0.3827 | 0.2472 | 0.7536 
ours-4-250k| 0.8883 | 0.9086 | 0.837  | 0.9498 | 0.9785 | 0.837  | 0.381  | 0.2474 | 0.7534 
ours-3-162k| 0.8889 | 0.9086 | 0.834  |  0.95  | 0.9791 | 0.834  | 0.3827 | 0.2484 | 0.7532 
ours-3-185k| 0.8892 | 0.9067 |  0.83  | 0.955  | 0.9792 |  0.83  | 0.3843 | 0.248  | 0.7528 
ours-4-243k| 0.8875 | 0.9065 | 0.834  | 0.9517 | 0.9768 | 0.834  | 0.383  | 0.2476 | 0.7526 
ours-4-203k| 0.8878 | 0.906  | 0.831  | 0.955  | 0.9767 | 0.831  | 0.3837 | 0.247  | 0.7523 
ours-3-188k| 0.8871 | 0.9053 | 0.829  | 0.9562 | 0.9787 | 0.829  | 0.3853 | 0.2476 | 0.7523 
ours-4-245k| 0.8868 | 0.9054 | 0.834  | 0.9485 | 0.9782 | 0.834  | 0.3823 | 0.2482 | 0.7522 
ours-4-249k| 0.8864 | 0.9058 | 0.831  | 0.9508 | 0.9796 | 0.831  | 0.3823 | 0.2476 | 0.7518 
ours-4-251k| 0.8862 | 0.9054 |  0.83  | 0.952  | 0.9796 |  0.83  | 0.3833 | 0.2478 | 0.7518 
ours-2-152k| 0.887  | 0.9069 | 0.833  | 0.948  | 0.978  | 0.833  | 0.3803 | 0.2472 | 0.7517 
ours-3-179k| 0.8883 | 0.9058 | 0.829  | 0.9518 | 0.9781 | 0.829  | 0.3827 | 0.248  | 0.7516 
ours-3-154k| 0.8866 | 0.9051 |  0.83  | 0.953  | 0.9776 |  0.83  | 0.383  | 0.2474 | 0.7516 
ours-4-244k| 0.8859 | 0.9045 | 0.828  | 0.9537 | 0.9782 | 0.828  | 0.3833 | 0.248  | 0.7512 
ours-4-217k| 0.8875 | 0.9053 | 0.832  | 0.9467 | 0.9779 | 0.832  |  0.38  | 0.247  | 0.751  
ours-3-171k| 0.8862 | 0.9058 | 0.832  | 0.9473 | 0.9768 | 0.832  | 0.3807 | 0.2474 | 0.751  
ours-4-237k| 0.8873 | 0.9046 | 0.829  | 0.9515 | 0.9756 | 0.829  | 0.3827 | 0.2464 | 0.7508 
ours-4-239k| 0.887  | 0.9041 |  0.83  | 0.9478 | 0.9776 |  0.83  | 0.3807 | 0.2482 | 0.7507 
ours-3-163k| 0.8846 | 0.9036 | 0.824  | 0.9562 |  0.98  | 0.824  | 0.3837 | 0.248  | 0.7505 
ours-4-205k| 0.8861 | 0.9033 | 0.828  | 0.9497 | 0.9778 | 0.828  | 0.3813 | 0.2484 | 0.7503 
ours-3-174k| 0.8841 | 0.9027 | 0.825  | 0.9543 | 0.9782 | 0.825  | 0.384  | 0.2472 | 0.7501 
ours-3-202k| 0.8844 | 0.9018 | 0.824  | 0.9537 | 0.9802 | 0.824  | 0.3823 | 0.249  | 0.7499 
ours-4-225k| 0.8843 | 0.903  | 0.827  | 0.9497 | 0.9785 | 0.827  | 0.382  | 0.248  | 0.7499 
ours-3-194k| 0.8832 | 0.9019 | 0.824  | 0.9555 | 0.9797 | 0.824  | 0.383  | 0.2478 | 0.7499 
ours-3-175k| 0.8837 | 0.9027 | 0.828  | 0.9505 | 0.9759 | 0.828  | 0.3833 | 0.2462 | 0.7498 
ours-3-180k| 0.8845 | 0.903  | 0.823  | 0.9558 | 0.9778 | 0.823  | 0.384  | 0.247  | 0.7498 
ours-3-200k| 0.8853 | 0.904  | 0.826  | 0.9505 | 0.978  | 0.826  | 0.3813 | 0.247  | 0.7498 
ours-3-184k| 0.8849 | 0.9029 | 0.825  | 0.9492 | 0.9808 | 0.825  | 0.382  | 0.2484 | 0.7498 
ours-3-195k| 0.8844 | 0.9025 | 0.825  | 0.9525 | 0.9784 | 0.825  | 0.3827 | 0.2474 | 0.7497 
ours-3-192k| 0.8862 | 0.9039 | 0.826  | 0.9493 | 0.9783 | 0.826  | 0.381  | 0.2472 | 0.7497 
ours-2-143k| 0.8845 | 0.905  | 0.827  | 0.9513 | 0.9762 | 0.827  | 0.3803 | 0.2462 | 0.7497 
ours-2-132k| 0.8825 | 0.9038 | 0.824  | 0.9557 | 0.9765 | 0.824  | 0.3837 | 0.2468 | 0.7496 
ours-3-181k| 0.8843 | 0.9014 | 0.822  | 0.953  | 0.9809 | 0.822  | 0.3843 | 0.2488 | 0.7496 
ours-3-156k| 0.8841 | 0.9033 | 0.825  | 0.9515 | 0.9761 | 0.825  | 0.3837 | 0.2472 | 0.7495 
ours-3-159k| 0.8836 | 0.9006 | 0.821  | 0.9575 | 0.9784 | 0.821  | 0.3853 | 0.2482 | 0.7495 
ours-4-204k| 0.8837 | 0.902  | 0.828  | 0.9483 | 0.9768 | 0.828  | 0.381  | 0.2474 | 0.7494 
ours-3-199k| 0.884  | 0.9033 | 0.827  | 0.9498 | 0.9769 | 0.827  | 0.3807 | 0.2462 | 0.7494 
ours-2-147k| 0.8864 | 0.9037 | 0.827  | 0.948  | 0.9758 | 0.827  |  0.38  | 0.2466 | 0.7493 
ours-4-252k| 0.8837 | 0.9017 | 0.824  | 0.9522 | 0.9784 | 0.824  | 0.3827 | 0.2478 | 0.7493 
ours-4-206k| 0.8836 | 0.9018 | 0.827  | 0.9497 | 0.9756 | 0.827  | 0.3817 | 0.2464 | 0.7491 
ours-3-196k| 0.8837 | 0.9044 | 0.827  | 0.9488 | 0.9761 | 0.827  | 0.3793 | 0.2458 | 0.749  
ours-3-167k| 0.8815 | 0.9004 | 0.824  | 0.9527 | 0.9783 | 0.824  | 0.3833 | 0.2478 | 0.749  
ours-4-246k| 0.8833 | 0.9022 | 0.825  | 0.9498 | 0.9783 | 0.825  | 0.3807 | 0.2476 | 0.749  
ours-4-231k| 0.8839 | 0.9024 | 0.824  | 0.9503 | 0.9785 | 0.824  | 0.3807 | 0.2478 | 0.7489 
ours-4-242k| 0.8824 | 0.9001 | 0.823  | 0.9495 |  0.98  | 0.823  | 0.3827 | 0.2496 | 0.7488 
ours-2-136k| 0.8817 | 0.903  |  0.82  | 0.9575 | 0.9771 |  0.82  | 0.3843 | 0.2466 | 0.7488 
ours-3-169k| 0.8823 | 0.9013 | 0.823  | 0.9522 | 0.9784 | 0.823  | 0.382  | 0.2474 | 0.7487 
ours-3-183k| 0.8842 | 0.9022 | 0.825  | 0.9485 | 0.9769 | 0.825  | 0.3813 | 0.2462 | 0.7487 
ours-2-150k| 0.8832 | 0.9033 | 0.827  | 0.9465 | 0.9758 | 0.827  | 0.3793 | 0.2462 | 0.7485 
ours-3-165k| 0.8821 | 0.9019 | 0.822  | 0.952  | 0.978  | 0.822  | 0.3827 | 0.2474 | 0.7485 
ours-2-149k| 0.8834 | 0.9033 | 0.825  | 0.9477 | 0.9773 | 0.825  | 0.379  | 0.247  | 0.7485 
ours-3-160k| 0.8823 | 0.9008 | 0.819  | 0.9572 | 0.9774 | 0.819  | 0.3847 | 0.247  | 0.7484 
ours-3-182k| 0.8828 | 0.9007 | 0.821  | 0.9512 | 0.9802 | 0.821  | 0.3827 | 0.2476 | 0.7484 
ours-2-137k| 0.8813 | 0.9026 | 0.821  | 0.9543 | 0.9773 | 0.821  | 0.383  | 0.2466 | 0.7484 
ours-3-153k| 0.8818 | 0.9009 | 0.822  | 0.9515 | 0.9784 | 0.822  | 0.3827 | 0.2478 | 0.7484 
ours-2-133k| 0.8811 | 0.9012 | 0.821  | 0.9512 | 0.9801 | 0.821  | 0.383  | 0.2482 | 0.7484 
ours-3-164k| 0.8819 | 0.9002 | 0.818  | 0.9545 | 0.9808 | 0.818  | 0.3837 | 0.2496 | 0.7483 
ours-4-247k| 0.8825 | 0.9012 | 0.823  | 0.9498 | 0.9779 | 0.823  | 0.3817 | 0.2476 | 0.7483 
ours-4-212k| 0.8833 | 0.9004 | 0.824  | 0.9488 | 0.9768 | 0.824  | 0.3817 | 0.2476 | 0.7483 
ours-4-211k| 0.8827 | 0.9006 | 0.823  | 0.9527 | 0.9741 | 0.823  | 0.383  | 0.2474 | 0.7483 
ours-4-208k| 0.883  | 0.9007 | 0.821  | 0.9537 | 0.9763 | 0.821  | 0.3837 | 0.2462 | 0.7482 
ours-2-138k| 0.8823 | 0.9008 | 0.818  | 0.9568 | 0.9767 | 0.818  | 0.3853 | 0.2472 | 0.7481 
ours-4-233k| 0.8816 | 0.8998 |  0.82  | 0.9537 | 0.977  |  0.82  | 0.3843 | 0.2482 | 0.7481 
ours-4-219k| 0.8816 | 0.9002 |  0.82  | 0.9518 | 0.9799 |  0.82  | 0.3823 | 0.2486 | 0.7481 
ours-2-139k| 0.8822 | 0.9015 | 0.822  | 0.9508 | 0.9764 | 0.822  | 0.382  | 0.2466 | 0.7479 
ours-4-234k| 0.8847 | 0.9014 | 0.825  | 0.945  | 0.9751 | 0.825  | 0.3797 | 0.247  | 0.7478 
ours-1-100k| 0.8814 | 0.9007 | 0.822  | 0.9502 | 0.977  | 0.822  | 0.382  | 0.2474 | 0.7478 
ours-3-168k| 0.8823 | 0.8997 | 0.821  | 0.949  | 0.9795 | 0.821  | 0.381  | 0.2488 | 0.7478 
ours-3-187k| 0.8812 | 0.8981 | 0.817  | 0.9557 | 0.9795 | 0.817  | 0.3847 | 0.2486 | 0.7477 
ours-3-178k| 0.8805 | 0.8996 | 0.821  | 0.9487 | 0.9809 | 0.821  | 0.381  | 0.249  | 0.7477 
ours-4-238k| 0.8831 | 0.8992 | 0.819  | 0.952  | 0.9779 | 0.819  | 0.383  | 0.2482 | 0.7477 
ours-2-146k| 0.8838 | 0.9013 |  0.82  | 0.9502 | 0.9774 |  0.82  | 0.3813 | 0.247  | 0.7476 
ours-4-209k| 0.8815 | 0.8996 |  0.82  | 0.9547 | 0.9742 |  0.82  | 0.3847 | 0.2462 | 0.7476 
ours-4-226k| 0.8838 | 0.9008 | 0.824  | 0.9475 | 0.9736 | 0.824  | 0.3813 | 0.2458 | 0.7476 
ours-2-142k| 0.8809 | 0.9001 | 0.819  | 0.953  | 0.9771 | 0.819  | 0.384  | 0.2476 | 0.7476 
ours-4-253k| 0.8802 |  0.9   |  0.82  | 0.951  | 0.9766 |  0.82  | 0.3837 | 0.2472 | 0.7473 
ours-3-186k| 0.8809 | 0.8982 | 0.816  | 0.9552 | 0.9793 | 0.816  | 0.384  | 0.248  | 0.7472 
ours-2-109k| 0.8798 | 0.8998 | 0.821  | 0.9522 | 0.9755 | 0.821  | 0.382  | 0.2462 | 0.7472 
ours-2-148k| 0.8828 | 0.9005 | 0.819  |  0.95  | 0.9777 | 0.819  | 0.3807 | 0.2476 | 0.7472 
ours-3-190k| 0.8804 | 0.8984 | 0.818  | 0.9547 | 0.9763 | 0.818  | 0.384  | 0.2466 | 0.7471 
ours-3-170k| 0.8805 | 0.9004 | 0.821  | 0.9502 | 0.9752 | 0.821  | 0.3817 | 0.2464 | 0.747  
ours-4-241k| 0.8809 | 0.899  |  0.82  | 0.9478 | 0.9781 |  0.82  | 0.382  | 0.2484 | 0.747  
ours-2-141k| 0.8821 | 0.9009 | 0.818  | 0.9537 | 0.9747 | 0.818  | 0.3823 | 0.2456 | 0.7469 
ours-2-134k| 0.8799 | 0.9002 | 0.819  | 0.9522 | 0.976  | 0.819  | 0.3823 | 0.246  | 0.7468 
ours-4-215k| 0.8825 |  0.9   | 0.821  | 0.9473 | 0.9755 | 0.821  |  0.38  | 0.247  | 0.7468 
ours-4-229k| 0.8799 | 0.899  | 0.818  | 0.9508 | 0.9775 | 0.818  | 0.3827 | 0.2474 | 0.7467 
ours-4-213k| 0.8822 | 0.8996 | 0.819  | 0.9492 | 0.9761 | 0.819  | 0.381  | 0.2468 | 0.7466 
ours-4-207k| 0.8814 | 0.8993 | 0.821  | 0.9482 | 0.975  | 0.821  | 0.3803 | 0.2464 | 0.7466 
ours-3-172k| 0.8813 | 0.8995 | 0.818  | 0.9513 | 0.9767 | 0.818  | 0.3807 | 0.247  | 0.7466 
ours-2-145k| 0.8816 | 0.8999 |  0.82  | 0.9493 | 0.9756 |  0.82  | 0.3797 | 0.246  | 0.7465 
ours-4-216k| 0.8806 | 0.8997 | 0.823  | 0.9457 | 0.9738 | 0.823  |  0.38  | 0.2458 | 0.7465 
ours-3-176k|  0.88  | 0.8983 | 0.817  | 0.952  | 0.9776 | 0.817  | 0.3817 | 0.2474 | 0.7464 
ours-3-157k| 0.879  | 0.8994 | 0.819  | 0.9472 | 0.9782 | 0.819  | 0.381  | 0.2476 | 0.7463 
ours-2-121k| 0.8798 | 0.8985 | 0.814  | 0.9547 | 0.9785 | 0.814  | 0.3837 | 0.2472 | 0.7463 
ours-4-223k| 0.8812 | 0.8992 | 0.819  | 0.9497 | 0.9742 | 0.819  | 0.3823 | 0.2458 | 0.7463 
ours-4-235k|  0.88  | 0.8967 | 0.818  | 0.9477 | 0.9782 | 0.818  | 0.3817 | 0.2484 | 0.7461 
ours-4-214k| 0.881  | 0.8974 | 0.817  | 0.9495 | 0.9766 | 0.817  | 0.3823 | 0.2472 | 0.746  
ours-4-218k| 0.8803 | 0.8974 | 0.816  | 0.9492 | 0.9783 | 0.816  | 0.382  | 0.2482 | 0.7459 
ours-4-224k| 0.8797 | 0.898  | 0.817  | 0.9487 | 0.9778 | 0.817  | 0.3813 | 0.2468 | 0.7458 
ours-3-191k| 0.8804 | 0.8967 | 0.813  | 0.9553 | 0.9761 | 0.813  | 0.3853 | 0.2464 | 0.7458 
ours-2-113k| 0.8768 | 0.8986 |  0.82  | 0.9467 | 0.9769 |  0.82  |  0.38  | 0.2466 | 0.7457 
ours-2-135k| 0.877  | 0.8972 | 0.814  | 0.9547 | 0.9779 | 0.814  | 0.3837 | 0.247  | 0.7457 
ours-4-236k| 0.8798 | 0.8986 |  0.82  | 0.9478 | 0.9725 |  0.82  |  0.38  | 0.2458 | 0.7456 
ours-4-230k| 0.8812 | 0.8984 | 0.819  | 0.9437 | 0.9766 | 0.819  | 0.3787 | 0.248  | 0.7456 
ours-2-151k| 0.878  | 0.8974 | 0.818  | 0.9488 | 0.976  | 0.818  | 0.381  | 0.2472 | 0.7456 
ours-1-101k| 0.8789 | 0.8993 | 0.819  | 0.9492 | 0.9739 | 0.819  |  0.38  | 0.2452 | 0.7456 
ours-2-131k| 0.8772 | 0.8998 | 0.817  | 0.952  | 0.9743 | 0.817  | 0.3807 | 0.2448 | 0.7454 
ours-3-155k| 0.8788 | 0.8973 | 0.814  | 0.9535 | 0.9757 | 0.814  | 0.383  | 0.2462 | 0.7453 
ours-2-125k| 0.8772 | 0.8959 | 0.807  | 0.9598 | 0.9801 | 0.807  | 0.386  | 0.2482 | 0.7451 
ours-2-140k| 0.8782 | 0.8977 | 0.814  | 0.9507 | 0.9776 | 0.814  | 0.3817 | 0.247  | 0.7451 
ours-3-193k| 0.8788 | 0.8966 | 0.814  |  0.95  | 0.9785 | 0.814  | 0.3817 | 0.2468 | 0.745  
ours-2-116k| 0.8776 | 0.8962 | 0.814  | 0.9507 | 0.9791 | 0.814  | 0.3807 | 0.2476 | 0.745  
ours-3-189k| 0.8773 | 0.8969 | 0.816  | 0.9493 | 0.9761 | 0.816  | 0.381  | 0.2464 | 0.7449 
ours-4-240k| 0.8795 | 0.8969 | 0.816  | 0.9488 | 0.9739 | 0.816  | 0.3813 | 0.246  | 0.7448 
ours-2-126k| 0.8762 | 0.8965 | 0.811  | 0.9542 | 0.9783 | 0.811  | 0.3827 | 0.2474 | 0.7446 
ours-2-102k| 0.8764 | 0.8976 | 0.815  | 0.9507 | 0.9748 | 0.815  | 0.381  | 0.2464 | 0.7446 
ours-2-129k| 0.8778 | 0.8965 | 0.809  | 0.9567 | 0.976  | 0.809  | 0.3853 | 0.2464 | 0.7446 
ours-4-227k| 0.8782 | 0.8959 | 0.815  | 0.949  | 0.9754 | 0.815  | 0.381  | 0.2466 | 0.7445 
ours-4-228k| 0.8781 | 0.8957 | 0.812  | 0.9515 | 0.977  | 0.812  | 0.383  | 0.2466 | 0.7445 
ours-2-130k| 0.8766 | 0.895  | 0.811  | 0.9542 | 0.9773 | 0.811  | 0.3833 | 0.2466 | 0.7444 
ours-4-222k| 0.8788 | 0.8977 | 0.816  | 0.9458 | 0.9742 | 0.816  | 0.379  | 0.2464 | 0.7443 
ours-3-173k| 0.8779 | 0.8973 | 0.814  | 0.9487 | 0.9761 | 0.814  | 0.3797 | 0.246  | 0.7442 
ours-2-107k| 0.8764 | 0.8964 | 0.814  | 0.9478 | 0.9774 | 0.814  |  0.38  | 0.2474 | 0.7442 
ours-2-128k| 0.875  | 0.8963 |  0.81  | 0.9537 | 0.9781 |  0.81  | 0.3833 | 0.247  | 0.7442 
ours-3-158k| 0.8765 | 0.8948 | 0.811  | 0.9498 | 0.9791 | 0.811  | 0.3823 | 0.2484 | 0.7441 
ours-2-115k| 0.8773 | 0.8955 | 0.812  | 0.951  | 0.9776 | 0.812  | 0.3803 | 0.2466 | 0.744  
ours-1-90k| 0.8759 | 0.8951 | 0.812  | 0.9528 | 0.9736 | 0.812  | 0.3813 | 0.246  | 0.7436 
ours-2-127k| 0.8756 | 0.895  | 0.807  | 0.9553 | 0.9767 | 0.807  | 0.3833 | 0.247  | 0.7434 
ours-4-220k| 0.8772 | 0.8944 | 0.813  | 0.947  | 0.9749 | 0.813  | 0.3803 | 0.2466 | 0.7433 
ours-4-210k| 0.876  | 0.8948 | 0.812  | 0.9472 | 0.976  | 0.812  | 0.3807 | 0.2472 | 0.7432 
ours-2-108k| 0.8759 | 0.8958 | 0.813  | 0.9472 | 0.9756 | 0.813  | 0.3787 | 0.2466 | 0.7432 
ours-2-106k| 0.8759 | 0.8944 | 0.807  | 0.9532 | 0.9777 | 0.807  | 0.3823 | 0.2472 | 0.7431 
ours-2-104k| 0.8746 | 0.8942 | 0.809  | 0.9507 | 0.9746 | 0.809  | 0.3813 | 0.246  | 0.7424 
ours-2-103k| 0.874  | 0.8938 | 0.811  | 0.9472 | 0.9766 | 0.811  | 0.379  | 0.2468 | 0.7424 
ours-1-98k| 0.8741 | 0.8927 | 0.807  | 0.9502 | 0.9754 | 0.807  | 0.3813 | 0.2458 | 0.7417 
ours-3-166k| 0.8744 | 0.8927 | 0.807  | 0.9488 | 0.9761 | 0.807  | 0.3807 | 0.2468 | 0.7417 
ours-2-124k| 0.8738 | 0.8924 | 0.802  | 0.9558 | 0.9776 | 0.802  | 0.3833 | 0.246  | 0.7416 
ours-2-120k| 0.8736 | 0.8922 | 0.804  | 0.9517 | 0.9784 | 0.804  | 0.382  | 0.2468 | 0.7416 
ours-4-221k| 0.8738 | 0.8932 | 0.809  | 0.9473 | 0.974  | 0.809  | 0.3803 | 0.2458 | 0.7416 
ours-2-110k| 0.8728 | 0.8931 | 0.806  | 0.9482 | 0.9763 | 0.806  | 0.3807 | 0.2466 | 0.7412 
ours-1-97k| 0.873  | 0.8915 | 0.806  | 0.9453 | 0.9797 | 0.806  | 0.3793 | 0.2482 | 0.7411 
ours-2-112k| 0.8723 | 0.8919 | 0.804  | 0.9508 | 0.977  | 0.804  | 0.3813 | 0.2466 | 0.741  
ours-2-144k| 0.8745 | 0.8925 | 0.805  | 0.9473 | 0.9771 | 0.805  | 0.379  | 0.247  | 0.7409 
ours-2-114k| 0.8725 | 0.8925 | 0.805  | 0.9497 | 0.9756 | 0.805  | 0.3807 | 0.2464 | 0.7409 
ours-2-117k| 0.8731 | 0.8921 | 0.806  | 0.9468 | 0.9772 | 0.806  | 0.379  | 0.247  | 0.7409 
ours-2-123k| 0.8723 | 0.8918 | 0.802  | 0.953  | 0.9771 | 0.802  | 0.382  | 0.2462 | 0.7408 
ours-1-99k| 0.8717 | 0.891  | 0.805  | 0.9493 | 0.9768 | 0.805  | 0.3803 | 0.247  | 0.7408 
ours-2-105k| 0.8716 | 0.8907 | 0.802  | 0.9522 | 0.9777 | 0.802  | 0.382  | 0.247  | 0.7406 
ours-1-91k| 0.8724 | 0.891  | 0.805  | 0.9488 | 0.9753 | 0.805  |  0.38  | 0.2464 | 0.7405 
ours-3-177k| 0.8709 | 0.889  | 0.799  | 0.9522 | 0.9785 | 0.799  | 0.383  | 0.2476 | 0.7399 
ours-1-93k| 0.8717 | 0.8893 | 0.801  | 0.951  | 0.9765 | 0.801  | 0.3807 | 0.2468 | 0.7397 
ours-2-122k| 0.8714 | 0.8904 | 0.799  | 0.9528 | 0.9762 | 0.799  | 0.383  | 0.2458 | 0.7397 
ours-1-88k| 0.8695 | 0.8906 | 0.804  | 0.9468 | 0.9774 | 0.804  | 0.3787 | 0.2462 | 0.7396 
ours-2-119k| 0.8725 | 0.8907 | 0.803  | 0.945  | 0.9769 | 0.803  | 0.3787 | 0.2466 | 0.7395 
ours-2-118k| 0.8706 |  0.89  | 0.803  | 0.9472 | 0.974  | 0.803  | 0.3797 | 0.2458 | 0.7392 
ours-1-94k| 0.872  | 0.8904 | 0.801  | 0.949  | 0.9746 | 0.801  | 0.3793 | 0.2452 | 0.7391 
ours-1-86k| 0.8705 | 0.8915 | 0.807  | 0.9408 | 0.9741 | 0.807  | 0.375  | 0.2448 | 0.7388 
ours-1-80k| 0.871  | 0.8905 | 0.802  | 0.9503 | 0.972  | 0.802  | 0.3797 | 0.243  | 0.7388 
ours-1-83k| 0.8694 | 0.8908 | 0.807  | 0.9407 | 0.9734 | 0.807  | 0.3757 | 0.245  | 0.7386 
ours-1-96k| 0.8698 | 0.8882 | 0.798  | 0.9472 | 0.9783 | 0.798  |  0.38  | 0.2468 | 0.7383 
ours-1-87k| 0.8681 | 0.8889 | 0.802  | 0.9452 | 0.9745 | 0.802  | 0.3783 | 0.2452 | 0.738  
ours-2-111k| 0.8676 | 0.8879 | 0.797  | 0.9498 | 0.9761 | 0.797  | 0.3813 | 0.2468 | 0.7379 
ours-1-92k| 0.8684 | 0.8872 | 0.796  | 0.9515 | 0.9756 | 0.796  | 0.3807 | 0.2468 | 0.7378 
ours-1-89k| 0.8672 | 0.8873 | 0.798  | 0.9472 | 0.9776 | 0.798  | 0.379  | 0.2474 | 0.7377 
ours-1-81k| 0.8702 | 0.8895 | 0.802  | 0.9442 | 0.9714 | 0.802  | 0.3767 | 0.2436 | 0.7374 
ours-1-82k| 0.8696 | 0.8908 | 0.806  | 0.938  | 0.9706 | 0.806  | 0.3743 | 0.243  | 0.7373 
ours-1-68k| 0.8688 | 0.8875 | 0.802  | 0.9397 | 0.9716 | 0.802  | 0.3753 | 0.2442 | 0.7364 
ours-1-95k| 0.8665 | 0.8853 | 0.795  | 0.947  | 0.9772 | 0.795  | 0.379  | 0.246  | 0.7364 
ours-1-85k| 0.8683 | 0.8885 |  0.8   | 0.941  | 0.9714 |  0.8   | 0.376  | 0.2438 | 0.7361 
ours-1-67k| 0.868  | 0.8867 |  0.8   | 0.9415 | 0.9732 |  0.8   | 0.3753 | 0.2442 | 0.7361 
ours-1-76k| 0.867  | 0.8856 | 0.797  | 0.9427 | 0.9746 | 0.797  | 0.3767 | 0.2454 | 0.7357 
ours-1-78k| 0.8693 | 0.8871 |  0.8   | 0.9362 | 0.9749 |  0.8   | 0.3717 | 0.246  | 0.7356 
ours-1-79k| 0.8686 | 0.8855 | 0.797  | 0.9438 | 0.9727 | 0.797  | 0.3763 | 0.2442 | 0.7356 
ours-1-70k| 0.8665 | 0.8854 | 0.799  | 0.9398 | 0.9728 | 0.799  | 0.3757 | 0.2444 | 0.7353 
ours-1-77k| 0.8663 | 0.8848 | 0.795  | 0.9422 | 0.9728 | 0.795  | 0.3767 | 0.2444 | 0.7346 
ours-1-72k| 0.8663 | 0.8855 | 0.798  | 0.938  | 0.9721 | 0.798  | 0.3737 | 0.2426 | 0.7343 
ours-1-84k| 0.8649 | 0.883  | 0.789  | 0.9445 | 0.9722 | 0.789  | 0.3767 | 0.2448 | 0.733  
ours-1-64k| 0.8635 | 0.8824 | 0.792  | 0.9408 | 0.973  | 0.792  | 0.374  | 0.2442 | 0.7327 
ours-1-58k| 0.8633 | 0.8822 | 0.793  | 0.9355 | 0.9709 | 0.793  | 0.3727 | 0.243  | 0.7317 
ours-1-69k| 0.8621 | 0.8817 | 0.795  | 0.9318 | 0.9731 | 0.795  | 0.371  | 0.2438 | 0.7317 
ours-1-75k| 0.8625 | 0.8805 | 0.786  | 0.9443 | 0.9731 | 0.786  | 0.3767 | 0.2442 | 0.7317 
ours-1-61k| 0.8618 | 0.8828 |  0.79  | 0.9378 | 0.9728 |  0.79  | 0.3733 | 0.2446 | 0.7316 
ours-1-71k| 0.8607 | 0.8813 |  0.79  | 0.9395 | 0.9719 |  0.79  | 0.375  | 0.2432 | 0.7315 
ours-1-60k| 0.8587 | 0.8786 | 0.785  | 0.9373 | 0.9684 | 0.785  | 0.372  | 0.2426 | 0.7284 
ours-1-66k| 0.8575 | 0.8762 | 0.785  | 0.9343 | 0.9705 | 0.785  | 0.372  | 0.2434 | 0.728  
ours-1-65k| 0.8581 | 0.8778 | 0.784  | 0.9317 | 0.9725 | 0.784  | 0.3713 | 0.2444 | 0.728  
ours-0-45k| 0.8554 | 0.8759 |  0.78  | 0.9388 | 0.9717 |  0.78  | 0.374  | 0.2446 | 0.7276 
ours-1-62k| 0.8553 | 0.8759 | 0.783  | 0.9335 | 0.9699 | 0.783  | 0.373  | 0.2444 | 0.7273 
ours-1-59k| 0.8555 | 0.8744 | 0.777  | 0.9422 | 0.9729 | 0.777  | 0.3753 | 0.2438 | 0.7273 
ours-1-51k| 0.8548 | 0.874  | 0.776  | 0.9433 | 0.9735 | 0.776  | 0.3753 | 0.2442 | 0.7271 
ours-1-73k| 0.8573 | 0.8767 | 0.779  | 0.9363 | 0.9709 | 0.779  | 0.373  | 0.2434 | 0.7269 
ours-1-74k| 0.8555 | 0.8734 | 0.771  | 0.9448 | 0.9733 | 0.771  | 0.377  | 0.244  | 0.7263 
ours-0-44k| 0.8541 | 0.8734 | 0.777  | 0.9362 | 0.9709 | 0.777  | 0.3723 | 0.2424 | 0.7254 
ours-0-48k| 0.852  | 0.8707 | 0.773  | 0.9402 | 0.9737 | 0.773  | 0.3747 | 0.2444 | 0.7252 
ours-0-49k| 0.8523 | 0.8725 | 0.773  | 0.9385 | 0.9709 | 0.773  | 0.3737 | 0.243  | 0.7246 
ours-1-53k| 0.8526 | 0.8734 | 0.775  | 0.9328 | 0.9724 | 0.775  | 0.371  | 0.2438 | 0.7245 
ours-1-63k| 0.8528 | 0.8717 | 0.771  | 0.9383 | 0.9732 | 0.771  | 0.3733 | 0.2444 | 0.7245 
ours-1-54k| 0.8534 | 0.8708 |  0.77  | 0.9412 | 0.9699 |  0.77  | 0.3763 | 0.2438 | 0.7244 
ours-0-50k| 0.8501 | 0.8711 | 0.772  | 0.9392 | 0.9737 | 0.772  | 0.3727 | 0.2444 | 0.7244 
ours-1-57k| 0.8524 | 0.8727 | 0.775  | 0.9342 | 0.9711 | 0.775  | 0.3707 | 0.2428 | 0.7242 
ours-0-42k| 0.8523 | 0.8702 | 0.769  | 0.939  | 0.9735 | 0.769  | 0.3733 | 0.243  | 0.7237 
ours-0-46k| 0.8504 | 0.869  | 0.768  | 0.9372 | 0.9725 | 0.768  | 0.3733 | 0.2442 | 0.7228 
ours-0-47k| 0.8503 | 0.869  | 0.768  | 0.9337 | 0.9747 | 0.768  | 0.3703 | 0.2444 | 0.7223 
ours-0-30k| 0.843  | 0.866  | 0.766  | 0.9303 | 0.9669 | 0.766  | 0.3697 | 0.2416 | 0.7187 
ours-1-52k| 0.8436 | 0.8616 | 0.754  | 0.9415 | 0.9705 | 0.754  | 0.3723 | 0.2424 | 0.7175 
ours-0-39k| 0.844  | 0.8629 | 0.758  | 0.9315 | 0.9688 | 0.758  | 0.3693 | 0.242  | 0.7168 
ours-1-55k| 0.8415 | 0.8604 |  0.75  | 0.9397 | 0.9724 |  0.75  | 0.3743 | 0.2456 | 0.7167 
ours-1-56k| 0.8419 | 0.8609 | 0.754  | 0.9352 | 0.9718 | 0.754  | 0.372  | 0.244  | 0.7167 
ours-0-37k| 0.8426 | 0.8628 | 0.755  | 0.9345 | 0.9698 | 0.755  |  0.37  | 0.2418 | 0.7164 
ours-0-43k| 0.8422 | 0.8607 | 0.752  | 0.9362 | 0.971  | 0.752  | 0.3727 | 0.2432 | 0.7162 
ours-0-40k| 0.8398 | 0.8583 | 0.748  | 0.9352 | 0.9719 | 0.748  | 0.373  | 0.2434 | 0.7147 
ours-0-33k| 0.8367 | 0.8568 | 0.751  | 0.931  | 0.9644 | 0.751  | 0.3703 | 0.2408 | 0.7128 
ours-0-41k| 0.839  | 0.857  | 0.745  | 0.9325 | 0.9702 | 0.745  |  0.37  | 0.2422 | 0.7126 
ours-0-38k| 0.8367 | 0.8578 | 0.745  | 0.9352 | 0.9681 | 0.745  | 0.3693 | 0.2414 | 0.7123 
ours-0-31k| 0.8354 | 0.8552 | 0.749  | 0.9308 | 0.965  | 0.749  |  0.37  | 0.2412 | 0.712  
ours-0-36k| 0.8359 | 0.856  | 0.746  | 0.9333 | 0.9682 | 0.746  | 0.369  | 0.2406 | 0.7119 
ours-0-32k| 0.835  | 0.8546 | 0.751  | 0.9278 | 0.9668 | 0.751  | 0.366  | 0.2408 | 0.7116 
ours-0-35k| 0.8342 | 0.8549 | 0.742  | 0.9277 | 0.9689 | 0.742  | 0.366  | 0.2408 | 0.7096 
ours-0-26k| 0.8285 | 0.8505 | 0.736  | 0.9313 | 0.9675 | 0.736  | 0.369  | 0.2408 | 0.7075 
ours-0-34k| 0.8279 | 0.8486 | 0.733  | 0.9262 | 0.9678 | 0.733  | 0.3663 | 0.241  | 0.7055 
ours-0-27k| 0.8271 | 0.8489 | 0.733  | 0.9273 | 0.9655 | 0.733  | 0.3677 | 0.2404 | 0.7054 
ours-0-25k| 0.8239 | 0.8461 | 0.729  | 0.9248 | 0.969  | 0.729  | 0.3657 | 0.2412 | 0.7036 
ours-0-28k| 0.8258 | 0.845  | 0.732  | 0.918  | 0.967  | 0.732  | 0.364  | 0.2408 | 0.7031 
ours-0-29k| 0.8257 | 0.846  |  0.73  | 0.9248 | 0.9614 |  0.73  | 0.3663 | 0.2388 | 0.7029 
ours-0-24k| 0.8244 | 0.8426 | 0.724  | 0.9247 | 0.9649 | 0.724  | 0.3673 | 0.2394 | 0.7014 
ours-0-22k| 0.8211 | 0.8431 | 0.723  | 0.9237 | 0.9664 | 0.723  | 0.3667 | 0.2418 | 0.7011 
ours-0-23k| 0.8223 | 0.8409 | 0.724  | 0.9207 | 0.9606 | 0.724  | 0.3643 | 0.2386 | 0.6994 
ours-0-21k| 0.8207 | 0.8409 | 0.723  | 0.9175 | 0.9646 | 0.723  | 0.3617 | 0.2388 | 0.6988 
ours-0-20k| 0.819  | 0.8397 | 0.719  | 0.9177 | 0.9622 | 0.719  | 0.362  | 0.2386 | 0.6972 
ours-0-19k| 0.8163 | 0.836  | 0.713  | 0.9167 | 0.9627 | 0.713  | 0.3613 | 0.2392 | 0.6948 
ours-0-18k| 0.817  | 0.8353 | 0.708  | 0.9227 | 0.9652 | 0.708  | 0.3633 | 0.2384 | 0.6947 
ours-0-17k| 0.8128 | 0.8314 | 0.699  | 0.925  | 0.9646 | 0.699  | 0.364  | 0.2396 | 0.6919 
ours-0-15k| 0.8083 | 0.8265 | 0.694  | 0.9187 | 0.966  | 0.694  | 0.3613 |  0.24  | 0.6886 
ours-0-14k| 0.8037 | 0.8219 | 0.687  | 0.9167 | 0.9587 | 0.687  | 0.3613 | 0.2376 | 0.6842 
ours-0-16k| 0.8025 | 0.8205 | 0.683  | 0.919  | 0.9637 | 0.683  | 0.3613 | 0.2394 | 0.6841 
ours-0-11k| 0.7957 | 0.8152 | 0.672  | 0.9143 | 0.9607 | 0.672  | 0.359  | 0.2384 | 0.6784 
ours-0-12k| 0.7962 | 0.8152 | 0.678  | 0.9027 | 0.9599 | 0.678  | 0.354  | 0.2374 | 0.6777 
ours-0-13k| 0.7888 | 0.8108 | 0.667  | 0.9088 | 0.963  | 0.667  | 0.3547 | 0.2392 | 0.6749 
ours-0-10k| 0.7894 | 0.8086 | 0.663  | 0.9103 | 0.9566 | 0.663  | 0.3563 | 0.2362 | 0.6729 
ours-0-9k | 0.7854 | 0.8039 | 0.654  | 0.9152 | 0.9594 | 0.654  | 0.3597 | 0.2386 | 0.6713 
ours-0-6k | 0.7756 | 0.7958 | 0.643  | 0.916  | 0.9595 | 0.643  | 0.3597 | 0.2378 | 0.6663 
ours-0-8k |  0.78  | 0.7978 | 0.644  | 0.908  | 0.9596 | 0.644  | 0.3557 | 0.2376 | 0.6658 
ours-0-7k | 0.7765 | 0.7959 | 0.643  | 0.9065 | 0.9582 | 0.643  | 0.357  | 0.2372 | 0.6647 
ours-0-4k | 0.7707 | 0.7899 | 0.626  | 0.9153 | 0.9574 | 0.626  | 0.358  | 0.2366 |  0.66  
ours-0-5k | 0.7705 | 0.7884 | 0.628  | 0.9117 | 0.9569 | 0.628  | 0.357  | 0.2366 | 0.6596 
ours-0-3k | 0.7592 | 0.7799 | 0.613  | 0.9047 | 0.9567 | 0.613  | 0.353  | 0.2366 | 0.652  
ours-0-2k | 0.7483 | 0.767  | 0.592  | 0.9053 | 0.9554 | 0.592  | 0.3527 | 0.236  | 0.6436 
ours-0-1k | 0.7465 | 0.7643 | 0.589  | 0.8975 | 0.9547 | 0.589  |  0.35  | 0.235  | 0.6407 
